+0.945022925310053  2.965270911     2965.271 100 100 100
+1.191360817253026  2.832622760     2832.623 100 100 100
+1.184568697939540  2.768025718     2768.026 100 100 100
+1.437763455683713  2.790076847     2790.077 100 100 100
+1.463043183363641  2.676794855     2676.795 100 100 100
+1.740140421390756  2.684817425     2684.817 100 100 100
+1.793600559822490  2.775656644     2775.657 100 100 100
+2.106274827102638  2.662062357     2662.062 100 100 100
+2.188698441105964  2.709981201     2709.981 100 100 100
+2.547775111105634  2.658046190     2658.046 100 100 100
