+0.945022925310053  2.484905239     2484.905 100 100 100
+1.191360817253026  2.450398300     2450.398 100 100 100
+1.184568697939540  2.555650608     2555.651 100 100 100
+1.437763455683713  2.499597793     2499.598 100 100 100
+1.463043183363641  2.437399854     2437.400 100 100 100
+1.740140421390756  2.471136579     2471.137 100 100 100
+1.793600559822490  2.522316569     2522.317 100 100 100
+2.106274827102638  2.482971177     2482.971 100 100 100
+2.188698441105964  2.456463133     2456.463 100 100 100
+2.547775111105634  2.436649590     2436.650 100 100 100
