+0.945022925310053  2.360113450     2360.113 100 100 100
+1.191360817253026  2.361491566     2361.492 100 100 100
+1.184568697939540  2.381810576     2381.811 100 100 100
+1.437763455683713  2.377445375     2377.445 100 100 100
+1.463043183363641  2.387579480     2387.579 100 100 100
+1.740140421390756  2.428134841     2428.135 100 100 100
+1.793600559822490  2.356712103     2356.712 100 100 100
+2.106274827102638  2.442497968     2442.498 100 100 100
+2.188698441105964  2.321146592     2321.147 100 100 100
+2.547775111105634  2.342920001     2342.920 100 100 100
