+0.945022925310054  4.117220462     4117.220 100 100 100
+1.191360817253026  3.741454641     3741.455 100 100 100
+1.184568697939540  3.939571567     3939.572 100 100 100
+1.437763455683713  3.742948776     3742.949 100 100 100
+1.463043183363641  3.732999224     3732.999 100 100 100
+1.740140421390757  3.910881850     3910.882 100 100 100
+1.793600559822491  3.964208252     3964.208 100 100 100
+2.106274827102640  3.898232029     3898.232 100 100 100
+2.188698441105966  3.742733734     3742.734 100 100 100
+2.547775111105636  3.736364750     3736.365 100 100 100
+0.945022925310054  3.940392309     3940.392 100 100 100
+1.191360817253026  3.759249817     3759.250 100 100 100
+1.184568697939540  4.001354258     4001.354 100 100 100
+1.437763455683713  4.119468986     4119.469 100 100 100
+1.463043183363641  3.970083425     3970.083 100 100 100
+1.740140421390757  3.913009893     3913.010 100 100 100
+1.793600559822491  3.993550712     3993.551 100 100 100
+2.106274827102640  3.976079701     3976.080 100 100 100
+2.188698441105966  3.721273793     3721.274 100 100 100
+2.547775111105636  3.720975444     3720.975 100 100 100
+0.945022925310054  3.977998603     3977.999 100 100 100
+1.191360817253026  3.759530191     3759.530 100 100 100
+1.184568697939540  3.990220178     3990.220 100 100 100
+1.437763455683713  3.745931992     3745.932 100 100 100
+1.463043183363641  3.743360754     3743.361 100 100 100
+1.740140421390757  3.740752156     3740.752 100 100 100
+1.793600559822491  3.904750489     3904.750 100 100 100
+2.106274827102640  3.993419402     3993.419 100 100 100
+2.188698441105966  3.956289501     3956.290 100 100 100
+2.547775111105636  3.884281735     3884.282 100 100 100
+0.945022925310054  3.942716498     3942.716 100 100 100
+1.191360817253026  3.967931667     3967.932 100 100 100
+1.184568697939540  3.908113022     3908.113 100 100 100
+1.437763455683713  3.977848097     3977.848 100 100 100
+1.463043183363641  3.738235425     3738.235 100 100 100
+1.740140421390757  3.908239849     3908.240 100 100 100
+1.793600559822491  3.963412640     3963.413 100 100 100
+2.106274827102640  3.890527987     3890.528 100 100 100
+2.188698441105966  3.727357101     3727.357 100 100 100
+2.547775111105636  3.887822800     3887.823 100 100 100
+0.945022925310054  3.946935764     3946.936 100 100 100
+1.191360817253026  4.000165235     4000.165 100 100 100
+1.184568697939540  4.020458020     4020.458 100 100 100
+1.437763455683713  3.924753658     3924.754 100 100 100
+1.463043183363641  3.723409234     3723.409 100 100 100
+1.740140421390757  3.740483112     3740.483 100 100 100
+1.793600559822491  3.920211425     3920.211 100 100 100
+2.106274827102640  3.890656157     3890.656 100 100 100
+2.188698441105966  3.725065460     3725.065 100 100 100
+2.547775111105636  3.881466566     3881.467 100 100 100
+0.945022925310054  3.816492136     3816.492 100 100 100
+1.191360817253026  3.754012075     3754.012 100 100 100
+1.184568697939540  3.754213034     3754.213 100 100 100
+1.437763455683713  3.974252143     3974.252 100 100 100
+1.463043183363641  3.900864432     3900.864 100 100 100
+1.740140421390757  3.988233075     3988.233 100 100 100
+1.793600559822491  3.787288429     3787.288 100 100 100
+2.106274827102640  4.049463722     4049.464 100 100 100
+2.188698441105966  3.722783624     3722.784 100 100 100
+2.547775111105636  3.916688638     3916.689 100 100 100
+0.945022925310054  4.010341629     4010.342 100 100 100
+1.191360817253026  3.737875084     3737.875 100 100 100
+1.184568697939540  3.735092713     3735.093 100 100 100
+1.437763455683713  3.916769676     3916.770 100 100 100
+1.463043183363641  3.889100209     3889.100 100 100 100
+1.740140421390757  3.735529170     3735.529 100 100 100
+1.793600559822491  3.891002972     3891.003 100 100 100
+2.106274827102640  3.721955730     3721.956 100 100 100
+2.188698441105966  3.721389227     3721.389 100 100 100
+2.547775111105636  3.916432822     3916.433 100 100 100
+0.945022925310054  3.949561289     3949.561 100 100 100
+1.191360817253026  3.991806611     3991.807 100 100 100
+1.184568697939540  3.766732240     3766.732 100 100 100
+1.437763455683713  4.022808009     4022.808 100 100 100
+1.463043183363641  3.927945424     3927.945 100 100 100
+1.740140421390757  3.913706504     3913.707 100 100 100
+1.793600559822491  3.983560346     3983.560 100 100 100
+2.106274827102640  3.737613676     3737.614 100 100 100
+2.188698441105966  3.909663797     3909.664 100 100 100
+2.547775111105636  3.991659963     3991.660 100 100 100
+0.945022925310054  3.819045740     3819.046 100 100 100
+1.191360817253026  3.932031055     3932.031 100 100 100
+1.184568697939540  3.737860210     3737.860 100 100 100
+1.437763455683713  3.887907973     3887.908 100 100 100
+1.463043183363641  3.721397695     3721.398 100 100 100
+1.740140421390757  3.736098369     3736.098 100 100 100
+1.793600559822491  3.722178894     3722.179 100 100 100
+2.106274827102640  3.925458025     3925.458 100 100 100
+2.188698441105966  3.885039504     3885.040 100 100 100
+2.547775111105636  3.891990913     3891.991 100 100 100
+0.945022925310054  3.953468554     3953.469 100 100 100
+1.191360817253026  4.020459054     4020.459 100 100 100
+1.184568697939540  3.736428180     3736.428 100 100 100
+1.437763455683713  3.920991603     3920.992 100 100 100
+1.463043183363641  3.892454568     3892.455 100 100 100
+1.740140421390757  3.737372761     3737.373 100 100 100
+1.793600559822491  3.893772505     3893.773 100 100 100
+2.106274827102640  3.731161323     3731.161 100 100 100
+2.188698441105966  3.893147428     3893.147 100 100 100
+2.547775111105636  3.730832105     3730.832 100 100 100
+0.945022925310054  3.951110736     3951.111 100 100 100
+1.191360817253026  4.043960110     4043.960 100 100 100
+1.184568697939540  3.740091167     3740.091 100 100 100
+1.437763455683713  3.723997849     3723.998 100 100 100
+1.463043183363641  4.048756565     4048.757 100 100 100
+1.740140421390757  3.739610332     3739.610 100 100 100
+1.793600559822491  3.726620751     3726.621 100 100 100
+2.106274827102640  3.923499614     3923.500 100 100 100
+2.188698441105966  3.975099899     3975.100 100 100 100
+2.547775111105636  3.727605268     3727.605 100 100 100
