+0.945022925310054  3.951110736     3951.111 100 100 100
+1.191360817253026  4.043960110     4043.960 100 100 100
+1.184568697939540  3.740091167     3740.091 100 100 100
+1.437763455683713  3.723997849     3723.998 100 100 100
+1.463043183363641  4.048756565     4048.757 100 100 100
+1.740140421390757  3.739610332     3739.610 100 100 100
+1.793600559822491  3.726620751     3726.621 100 100 100
+2.106274827102640  3.923499614     3923.500 100 100 100
+2.188698441105966  3.975099899     3975.100 100 100 100
+2.547775111105636  3.727605268     3727.605 100 100 100
