+0.945022925310053  2.068238094     2068.238 100 100 100
+1.191360817253026  2.064183160     2064.183 100 100 100
+1.184568697939540  2.056639192     2056.639 100 100 100
+1.437763455683713  2.058422105     2058.422 100 100 100
+1.463043183363641  2.057024698     2057.025 100 100 100
+1.740140421390756  2.057172151     2057.172 100 100 100
+1.793600559822490  2.070145747     2070.146 100 100 100
+2.106274827102638  2.068949042     2068.949 100 100 100
+2.188698441105964  2.060175470     2060.175 100 100 100
+2.547775111105634  2.057857092     2057.857 100 100 100
